<element3d transform="1.000000 0.000000 0.000000 0.000000 0.000000 1.000000 0.000000 0.000000 0.000000 0.000000 1.000000 0.000000 0.000000 0.000000 0.000000 1.000000">
    <element3d transform="-0.290865 -0.055189 -0.955171 -0.000000 0.566393 0.794672 -0.218391 0.000000 0.771101 -0.604525 -0.199884 0.000000 4.076245 5.903862 -1.005454 1.000000"/>
    <mesh3d resource="assets/backpack_data/backpack_Cube.034.emesh" transform="1.000000 0.000000 0.000000 0.000000 0.000000 0.998921 0.046435 0.000000 0.000000 -0.046435 0.998921 0.000000 0.000000 -0.017649 0.941415 1.000000"/>
    <mesh3d resource="assets/backpack_data/backpack_Plane.008.emesh" transform="0.999866 0.000000 -0.016371 0.000000 0.016354 -0.046436 0.998788 0.000000 -0.000760 -0.998921 -0.046430 -0.000000 0.000000 0.020793 0.114471 1.000000"/>
    <mesh3d resource="assets/backpack_data/backpack_Cube.035.emesh" transform="0.998503 0.054633 0.002540 0.000000 -0.054692 0.997426 0.046365 0.000000 -0.000000 -0.046434 0.998921 0.000000 0.010049 -0.584095 0.615881 1.000000"/>
    <mesh3d resource="assets/backpack_data/backpack_Plane.009.emesh" transform="1.000000 0.000000 0.000000 0.000000 0.000000 -0.000000 1.000000 0.000000 0.000000 -1.000000 -0.000000 0.000000 0.000000 0.000000 -0.657431 1.000000"/>
    <mesh3d resource="assets/backpack_data/backpack_Plane.010.emesh" transform="1.000000 0.000000 0.000000 0.000000 0.000000 -0.000000 1.000000 0.000000 0.000000 -1.000000 -0.000000 0.000000 0.000000 0.000000 -0.693045 1.000000"/>
    <mesh3d resource="assets/backpack_data/backpack_Plane.016.emesh" transform="1.000000 0.000000 0.000000 0.000000 0.000000 1.000000 0.000000 0.000000 0.000000 0.000000 1.000000 0.000000 0.000000 1.078466 0.645064 1.000000"/>
    <mesh3d resource="assets/backpack_data/backpack_Cylinder.037.emesh" transform="0.931927 0.357244 0.062363 0.000000 -0.362581 0.914605 0.178976 0.000000 0.006901 -0.189404 0.981875 0.000000 -1.152663 1.110041 0.522583 1.000000"/>
    <mesh3d resource="assets/backpack_data/backpack_Cube.036.emesh" transform="1.000000 0.000000 0.000000 0.000000 0.000000 0.997651 -0.068497 0.000000 0.000000 0.068497 0.997651 0.000000 0.000000 0.490575 -0.324205 1.000000"/>
    <mesh3d resource="assets/backpack_data/backpack_Plane.012.emesh" transform="-0.355949 -0.934460 0.009176 0.000000 0.934150 -0.356067 -0.024080 0.000000 0.025769 0.000000 0.999668 0.000000 1.016675 0.300740 0.006327 1.000000"/>
    <mesh3d resource="assets/backpack_data/backpack_Plane.013.emesh" transform="0.694824 0.719180 0.000000 0.000000 -0.719180 0.694824 0.000000 0.000000 0.000000 0.000000 1.000000 0.000000 -1.157165 -0.104025 0.000000 1.000000"/>
    <mesh3d resource="assets/backpack_data/backpack_Cylinder.038.emesh" transform="-0.001517 -0.999279 -0.037947 -0.000000 0.999863 -0.000890 -0.016533 0.000000 0.016487 -0.037967 0.999143 0.000000 -0.000117 -1.862046 0.999498 1.000000"/>
    <mesh3d resource="assets/backpack_data/backpack_Plane.014.emesh" transform="1.000000 0.000000 0.000000 0.000000 0.000000 1.000000 0.000000 0.000000 0.000000 0.000000 1.000000 0.000000 0.000000 1.078466 0.645064 1.000000"/>
    <mesh3d resource="assets/backpack_data/backpack_Cube.062.emesh" transform="0.999685 -0.000890 -0.025076 0.000000 0.008917 0.946741 0.321873 0.000000 0.023454 -0.321995 0.946451 0.000000 -0.025525 -0.037091 -0.078173 1.000000"/>
    <mesh3d resource="assets/backpack_data/backpack_Cylinder.039.emesh" transform="-0.001841 -0.999279 -0.037933 -0.000000 0.999685 -0.000890 -0.025076 0.000000 0.025024 -0.037967 0.998966 0.000000 -0.000117 -1.862046 0.999498 1.000000"/>
    <mesh3d resource="assets/backpack_data/backpack_Cube.038.emesh" transform="1.000000 0.000000 0.000000 0.000000 0.000000 0.997651 -0.068497 0.000000 0.000000 0.068497 0.997651 0.000000 0.000000 -1.686908 -0.324205 1.000000"/>
    <mesh3d resource="assets/backpack_data/backpack_Cylinder.040.emesh" transform="-0.021172 0.165046 0.986059 0.000000 0.201240 0.966797 -0.157501 0.000000 -0.979313 0.195100 -0.053683 0.000000 1.261022 0.897802 -0.021013 1.000000"/>
    <mesh3d resource="assets/backpack_data/backpack_Cube.039.emesh" transform="1.000000 0.000000 0.000000 0.000000 0.000000 0.934727 0.355366 0.000000 0.000000 -0.355366 0.934727 0.000000 0.000000 1.818568 -0.834913 1.000000"/>
    <mesh3d resource="assets/backpack_data/backpack_Cube.040.emesh" transform="0.991562 -0.095999 -0.087115 0.000000 -0.003397 -0.691021 0.722827 0.000000 -0.129589 -0.716431 -0.685517 -0.000000 -0.630125 0.191065 0.734459 1.000000"/>
    <mesh3d resource="assets/backpack_data/backpack_Cube.041.emesh" transform="0.985507 0.078301 0.150482 0.000000 0.013203 -0.919809 0.392144 0.000000 0.169120 -0.384474 -0.907512 0.000000 -0.495738 -2.166191 1.543600 1.000000"/>
    <mesh3d resource="assets/backpack_data/backpack_Cube.042.emesh" transform="0.996458 -0.066545 0.051415 0.000000 -0.081353 -0.917628 0.389026 0.000000 0.021292 -0.391831 -0.919791 0.000000 0.519295 -2.164943 1.513285 1.000000"/>
    <mesh3d resource="assets/backpack_data/backpack_Cylinder.041.emesh" transform="0.499278 -0.865635 -0.037394 0.000000 0.865330 0.500359 -0.029095 0.000000 0.043896 -0.017832 0.998877 0.000000 -1.959641 -1.233718 0.838950 1.000000"/>
    <mesh3d resource="assets/backpack_data/backpack_Cube.043.emesh" transform="0.795541 0.605418 -0.024153 0.000000 -0.604307 0.795708 0.040762 0.000000 0.043897 -0.017832 0.998877 0.000000 0.017558 -0.050541 0.773180 1.000000"/>
    <mesh3d resource="assets/backpack_data/backpack_Cylinder.042.emesh" transform="0.931927 0.357244 0.062363 0.000000 -0.362581 0.914605 0.178976 0.000000 0.006901 -0.189404 0.981875 0.000000 -1.156461 1.119621 0.524458 1.000000"/>
    <mesh3d resource="assets/backpack_data/backpack_Cylinder.043.emesh" transform="0.801955 -0.247283 -0.543801 0.000000 0.429593 0.871276 0.237334 0.000000 0.415112 -0.423945 0.804955 0.000000 0.689422 0.650657 0.211613 1.000000"/>
    <mesh3d resource="assets/backpack_data/backpack_Cube.044.emesh" transform="0.966563 0.240184 0.089823 0.000000 -0.248107 0.964460 0.090881 0.000000 -0.064802 -0.110128 0.991803 0.000000 -0.109446 0.085296 0.410957 1.000000"/>
    <mesh3d resource="assets/backpack_data/backpack_Cube.045.emesh" transform="1.000000 0.000000 0.000000 0.000000 0.000000 1.000000 0.000000 0.000000 0.000000 0.000000 1.000000 0.000000 1.162231 0.591261 0.041510 1.000000"/>
    <mesh3d resource="assets/backpack_data/backpack_Cylinder.044.emesh" transform="1.000000 0.000000 0.000000 0.000000 0.000000 -0.000000 1.000000 0.000000 0.000000 -1.000000 -0.000000 0.000000 0.993006 0.548532 -0.291398 1.000000"/>
    <mesh3d resource="assets/backpack_data/backpack_Cylinder.045.emesh" transform="1.000000 0.000000 0.000000 0.000000 0.000000 -0.000000 1.000000 0.000000 0.000000 -1.000000 -0.000000 0.000000 0.993006 0.548532 -0.222835 1.000000"/>
    <mesh3d resource="assets/backpack_data/backpack_Cylinder.046.emesh" transform="1.000000 0.000000 0.000000 0.000000 0.000000 -0.000000 1.000000 0.000000 0.000000 -1.000000 -0.000000 0.000000 0.993006 0.548532 0.539099 1.000000"/>
    <mesh3d resource="assets/backpack_data/backpack_Cylinder.047.emesh" transform="1.000000 0.000000 0.000000 0.000000 0.000000 -0.053904 0.998546 0.000000 0.000000 -0.998546 -0.053904 0.000000 0.993006 0.544091 0.607810 1.000000"/>
    <mesh3d resource="assets/backpack_data/backpack_Cylinder.048.emesh" transform="1.000000 0.000000 0.000000 0.000000 0.000000 0.079098 0.996867 0.000000 0.000000 -0.996867 0.079098 0.000000 0.768204 0.676740 -0.385805 1.000000"/>
    <mesh3d resource="assets/backpack_data/backpack_Cylinder.049.emesh" transform="0.714639 0.699494 0.000000 0.000000 -0.055329 0.056527 0.996867 0.000000 0.697302 -0.712400 0.079099 0.000000 0.008186 0.676740 -0.385805 1.000000"/>
    <mesh3d resource="assets/backpack_data/backpack_Cylinder.050.emesh" transform="-0.074451 0.997225 -0.000000 0.000000 -0.078880 -0.005889 0.996867 0.000000 0.994100 0.074218 0.079099 0.000000 -0.806255 0.676740 -0.385805 1.000000"/>
    <mesh3d resource="assets/backpack_data/backpack_Cylinder.051.emesh" transform="0.566094 0.824341 0.000000 0.000000 -0.101995 0.070042 0.992316 0.000000 0.818006 -0.561744 0.123729 0.000000 0.768204 0.282233 -0.362151 1.000000"/>
    <mesh3d resource="assets/backpack_data/backpack_Cylinder.052.emesh" transform="0.109708 0.993469 -0.031373 0.000000 -0.106932 0.043176 0.993329 0.000000 0.988195 -0.105621 0.110970 0.000000 0.008186 0.282233 -0.362151 1.000000"/>
    <mesh3d resource="assets/backpack_data/backpack_Cylinder.053.emesh" transform="0.636780 0.769747 -0.044726 0.000000 -0.029952 0.082658 0.996128 0.000000 0.770463 -0.632975 0.075690 0.000000 -0.807915 0.282233 -0.362151 1.000000"/>
    <mesh3d resource="assets/backpack_data/backpack_Cylinder.054.emesh" transform="0.561403 0.824341 -0.072731 0.000000 0.026342 0.070042 0.997196 0.000000 0.827124 -0.561744 0.017607 0.000000 0.768204 -1.727993 -0.344439 1.000000"/>
    <mesh3d resource="assets/backpack_data/backpack_Cylinder.055.emesh" transform="0.561403 0.824341 -0.072731 0.000000 0.026342 0.070042 0.997196 0.000000 0.827124 -0.561744 0.017607 0.000000 -0.017248 -1.727993 -0.344439 1.000000"/>
    <mesh3d resource="assets/backpack_data/backpack_Cylinder.056.emesh" transform="0.561403 0.824341 -0.072731 0.000000 0.026342 0.070042 0.997196 0.000000 0.827124 -0.561744 0.017607 0.000000 -0.749646 -1.727993 -0.344439 1.000000"/>
    <mesh3d resource="assets/backpack_data/backpack_Cylinder.057.emesh" transform="-0.780092 0.445404 -0.439399 0.000000 -0.145260 0.554169 0.819632 0.000000 0.608568 0.703216 -0.367603 0.000000 1.694680 -0.455166 0.138412 1.000000"/>
    <mesh3d resource="assets/backpack_data/backpack_Cube.046.emesh" transform="0.551929 -0.833891 0.000000 0.000000 0.833891 0.551929 0.000000 0.000000 0.000000 0.000000 1.000000 0.000000 1.311226 -0.173541 0.082726 1.000000"/>
    <mesh3d resource="assets/backpack_data/backpack_Cube.047.emesh" transform="0.000000 -0.998527 -0.054265 0.000000 0.000002 -0.054265 0.998527 0.000000 -1.000000 -0.000000 0.000002 0.000000 -0.509870 -0.992419 0.643195 1.000000"/>
    <mesh3d resource="assets/backpack_data/backpack_Cube.048.emesh" transform="0.000000 -0.998527 -0.054265 0.000000 0.000002 -0.054265 0.998527 0.000000 -1.000000 -0.000000 0.000002 0.000000 0.460508 -0.992419 0.643195 1.000000"/>
    <mesh3d resource="assets/backpack_data/backpack_Cube.049.emesh" transform="1.000000 0.000000 0.000000 0.000000 0.000000 1.000000 0.000000 0.000000 0.000000 0.000000 1.000000 0.000000 -0.509632 -0.999850 0.621387 1.000000"/>
    <mesh3d resource="assets/backpack_data/backpack_Cube.050.emesh" transform="0.995472 0.095059 0.000000 0.000000 -0.095059 0.995472 0.000000 0.000000 0.000000 0.000000 1.000000 0.000000 0.458697 -0.999850 0.621387 1.000000"/>
    <mesh3d resource="assets/backpack_data/backpack_Cube.063.emesh" transform="1.000000 0.000000 0.000000 0.000000 0.000000 1.000000 0.000000 0.000000 0.000000 0.000000 1.000000 0.000000 -0.246829 0.854757 -0.334928 1.000000"/>
    <mesh3d resource="assets/backpack_data/backpack_Plane.015.emesh" transform="0.174296 0.984693 0.000000 0.000000 -0.984693 0.174296 0.000000 0.000000 0.000000 0.000000 1.000000 0.000000 -1.610616 -1.470230 -0.052051 1.000000"/>
    <mesh3d resource="assets/backpack_data/backpack_Cube.052.emesh" transform="0.831646 0.554241 0.034370 0.000000 -0.555306 0.830052 0.051474 0.000000 -0.000000 -0.061894 0.998083 0.000000 -0.290635 -0.298165 0.724126 1.000000"/>
    <mesh3d resource="assets/backpack_data/backpack_Cube.053.emesh" transform="-0.670376 -0.742022 0.000000 0.000000 0.742022 -0.670376 0.000000 0.000000 0.000000 0.000000 1.000000 0.000000 -0.968539 0.952562 0.190197 1.000000"/>
    <mesh3d resource="assets/backpack_data/backpack_Cylinder.058.emesh" transform="0.801955 -0.375731 -0.464429 0.000000 0.429593 0.902952 0.011299 0.000000 0.415112 -0.208577 0.885538 0.000000 -0.809645 -1.131851 0.158138 1.000000"/>
    <mesh3d resource="assets/backpack_data/backpack_Cube.054.emesh" transform="0.966563 0.240184 0.089823 0.000000 -0.248107 0.964460 0.090881 0.000000 -0.064802 -0.110128 0.991803 0.000000 -0.109446 0.440204 0.085330 1.000000"/>
    <mesh3d resource="assets/backpack_data/backpack_Cylinder.059.emesh" transform="0.950988 -0.302853 -0.062465 0.000000 0.065660 0.000369 0.997842 0.000000 -0.302176 -0.953037 0.020237 0.000000 -0.596038 -0.036812 0.622453 1.000000"/>
    <mesh3d resource="assets/backpack_data/backpack_Cylinder.060.emesh" transform="-0.169003 -0.985608 0.003766 0.000000 -0.000161 0.003849 0.999993 0.000000 -0.985616 0.169001 -0.000809 0.000000 -0.596038 -0.329602 0.614776 1.000000"/>
    <mesh3d resource="assets/backpack_data/backpack_Cylinder.061.emesh" transform="0.950988 -0.300971 -0.070981 0.000000 0.065660 -0.027772 0.997456 0.000000 -0.302176 -0.953229 -0.006649 -0.000000 0.568419 -0.036979 0.607330 1.000000"/>
    <mesh3d resource="assets/backpack_data/backpack_Cylinder.062.emesh" transform="-0.169004 -0.985322 -0.024031 -0.000000 -0.000161 -0.024354 0.999703 0.000000 -0.985615 0.168957 0.003958 0.000000 0.568419 -0.329436 0.591400 1.000000"/>
    <mesh3d resource="assets/backpack_data/backpack_BezierCurve.001.emesh" transform="0.000000 -1.000000 0.000000 0.000000 -1.000000 0.000000 0.000000 0.000000 -0.000000 -0.000000 -1.000000 -0.000000 -1.332769 -0.373282 0.241628 1.000000"/>
    <mesh3d resource="assets/backpack_data/backpack_Cube.055.emesh" transform="0.191220 -0.981547 0.000000 0.000000 -0.981547 -0.191220 0.000000 0.000000 -0.000000 -0.000000 -1.000000 -0.000000 -1.128908 0.360697 0.082727 1.000000"/>
    <mesh3d resource="assets/backpack_data/backpack_Cylinder.063.emesh" transform="-0.665646 -0.746258 0.003766 0.000000 0.001903 0.003349 0.999993 0.000000 -0.746265 0.665649 -0.000809 0.000000 -0.381600 -0.156165 0.614376 1.000000"/>
    <mesh3d resource="assets/backpack_data/backpack_Cylinder.064.emesh" transform="-0.237172 -0.969593 -0.060324 -0.000000 -0.004425 -0.061017 0.998127 0.000000 -0.971457 0.236995 0.010181 0.000000 -0.194350 -0.433407 0.593511 1.000000"/>
    <mesh3d resource="assets/backpack_data/backpack_Cube.056.emesh" transform="1.000000 0.000000 0.000000 0.000000 0.000000 1.000000 0.000000 0.000000 0.000000 0.000000 1.000000 0.000000 -0.984025 1.443257 -0.195386 1.000000"/>
    <mesh3d resource="assets/backpack_data/backpack_Sphere.014.emesh" transform="1.000000 0.000000 0.000000 0.000000 0.000000 0.091945 0.995764 0.000000 0.000000 -0.995764 0.091945 0.000000 -0.625337 0.429334 -0.401238 1.000000"/>
    <mesh3d resource="assets/backpack_data/backpack_Sphere.015.emesh" transform="1.000000 0.000000 0.000000 0.000000 0.000000 0.064752 0.997901 0.000000 0.000000 -0.997901 0.064752 0.000000 -0.583967 -1.634584 -0.376063 1.000000"/>
    <mesh3d resource="assets/backpack_data/backpack_Sphere.016.emesh" transform="1.000000 0.000000 0.000000 0.000000 0.000000 0.044948 0.998989 0.000000 0.000000 -0.998989 0.044948 0.000000 -0.583967 -1.768632 -0.372333 1.000000"/>
    <mesh3d resource="assets/backpack_data/backpack_Sphere.017.emesh" transform="1.000000 0.000000 0.000000 0.000000 0.000000 0.091945 0.995764 0.000000 0.000000 -0.995764 0.091945 0.000000 -0.512936 0.429334 -0.401238 1.000000"/>
    <mesh3d resource="assets/backpack_data/backpack_Cube.057.emesh" transform="1.000000 0.000000 0.000000 0.000000 0.000000 1.000000 0.000000 0.000000 0.000000 0.000000 1.000000 0.000000 0.998782 1.443257 -0.195386 1.000000"/>
    <mesh3d resource="assets/backpack_data/backpack_Sphere.018.emesh" transform="1.000000 0.000000 0.000000 0.000000 0.000000 0.091945 0.995764 0.000000 0.000000 -0.995764 0.091945 0.000000 0.640094 0.429334 -0.401238 1.000000"/>
    <mesh3d resource="assets/backpack_data/backpack_Sphere.019.emesh" transform="0.999834 0.000000 -0.018206 0.000000 0.018129 0.091946 0.995599 0.000000 0.001674 -0.995764 0.091930 0.000000 0.608660 -1.634584 -0.371631 1.000000"/>
    <mesh3d resource="assets/backpack_data/backpack_Sphere.020.emesh" transform="0.999834 0.000000 -0.018206 0.000000 0.018129 0.091946 0.995599 0.000000 0.001674 -0.995764 0.091930 0.000000 0.608660 -1.768632 -0.371631 1.000000"/>
    <mesh3d resource="assets/backpack_data/backpack_Sphere.021.emesh" transform="1.000000 0.000000 0.000000 0.000000 0.000000 0.091945 0.995764 0.000000 0.000000 -0.995764 0.091945 0.000000 0.527694 0.429334 -0.401238 1.000000"/>
    <mesh3d resource="assets/backpack_data/backpack_Cube.058.emesh" transform="0.945353 -0.005856 0.325996 0.000000 -0.172041 0.840364 0.513994 0.000000 -0.276966 -0.541991 0.793433 0.000000 0.913412 -1.697216 -1.118315 1.000000"/>
    <mesh3d resource="assets/backpack_data/backpack_Cube.059.emesh" transform="1.000000 0.000000 0.000000 0.000000 0.000000 1.000000 0.000000 0.000000 0.000000 0.000000 1.000000 0.000000 1.867288 -1.333956 0.105402 1.000000"/>
    <mesh3d resource="assets/backpack_data/backpack_Cube.060.emesh" transform="1.000000 0.000000 0.000000 0.000000 0.000000 1.000000 0.000000 0.000000 0.000000 0.000000 1.000000 0.000000 1.867288 -1.333956 0.105402 1.000000"/>
    <mesh3d resource="assets/backpack_data/backpack_Sphere.022.emesh" transform="0.999834 0.002177 -0.018075 0.000000 0.018129 -0.027771 0.999450 0.000000 0.001674 -0.999612 -0.027806 0.000000 1.324447 -1.318685 -0.286363 1.000000"/>
    <mesh3d resource="assets/backpack_data/backpack_Sphere.023.emesh" transform="0.999834 0.002177 -0.018075 0.000000 0.018129 -0.027771 0.999450 0.000000 0.001674 -0.999612 -0.027806 0.000000 1.476121 -1.327532 -0.286363 1.000000"/>
    <mesh3d resource="assets/backpack_data/backpack_Sphere.024.emesh" transform="0.999834 -0.002946 0.017966 0.000000 0.018129 0.070388 -0.997355 0.000000 0.001674 0.997515 0.070429 0.000000 1.324447 -1.286921 0.509553 1.000000"/>
    <mesh3d resource="assets/backpack_data/backpack_Sphere.025.emesh" transform="0.999834 -0.002946 0.017966 0.000000 0.018129 0.070388 -0.997355 0.000000 0.001674 0.997515 0.070429 0.000000 1.476121 -1.325801 0.509930 1.000000"/>
    <mesh3d resource="assets/backpack_data/backpack_Sphere.026.emesh" transform="0.018098 -0.001983 -0.999834 0.000000 -0.999690 0.017075 -0.018129 0.000000 0.017108 0.999852 -0.001674 0.000000 1.754092 -1.238472 0.244305 1.000000"/>
    <mesh3d resource="assets/backpack_data/backpack_Sphere.027.emesh" transform="0.018155 -0.001364 -0.999834 0.000000 -0.999690 -0.017080 -0.018129 -0.000000 -0.017053 0.999853 -0.001674 0.000000 1.754092 -1.228602 -0.031472 1.000000"/>
    <mesh3d resource="assets/backpack_data/backpack_Cube.061.emesh" transform="1.000000 0.000000 0.000000 0.000000 0.000000 0.587494 -0.809228 0.000000 0.000000 0.809228 0.587494 0.000000 1.160322 0.932257 -2.155608 1.000000"/>
</element3d>
